10 9
13 9
14 10
18 13
26 16
30 19
33 20
40 25
46 29
53 32
59 36
66 39
72 43
78 47
84 51
90 53
93 53
94 54
96 56
99 57
104 61
110 63
115 66
117 68
119 69
121 71
122 71
122 72
121 72
116 72
105 72
95 72
79 72
68 74
56 75
44 79
33 81
20 85
13 87
5 89
-1 91
-6 93
-9 93
-10 94
-10 95
-7 98
-1 100
8 104
16 106
25 108
37 108
53 111
75 113
99 119
115 121
125 121
134 123
135 123
136 123
137 124
137 125
136 125
135 125
133 125
130 125
122 125
110 125
98 125
80 125
66 125
51 125
40 125
35 126
32 126
31 127
31 128
32 128
35 128
44 131
53 134
66 136
77 138
88 138
98 138
109 138
119 138
130 138
143 138
151 138
159 138
165 138
166 138
167 138
169 138
168 138
166 138
164 138
162 137
159 136
154 135
149 134
144 134
138 132
133 132
130 132
124 131
123 131
120 131
119 131
117 131
117 133
117 134
117 137
117 138
119 140
121 143
127 152
131 158
135 166
143 174
150 181
157 190
163 199
171 206
177 212
183 216
188 219
188 220
187 220
185 219
183 219
181 216
178 213
176 211
173 208
169 204
165 201
161 196
156 191
150 187
144 183
140 181
136 180
135 180
135 179
141 178
157 178
170 178
184 178
195 176
198 176
199 176
199 174
199 173
196 172
194 171
193 170
191 170
188 168
187 168
185 166
181 164
176 162
170 160
162 157
149 155
142 152
135 149
127 149
119 147
113 145
110 143
106 142
105 142
104 140
102 139
101 139
