13 9
16 10
19 11
25 13
31 15
39 19
48 24
54 25
57 27
59 28
60 28
62 29
62 30
63 30
66 30
66 31
67 31
69 32
70 32
72 33
73 34
74 34
75 34
75 35
80 38
83 40
85 41
86 41
88 42
90 42
95 42
98 42
101 42
107 42
114 42
117 42
120 42
125 44
127 46
129 46
130 47
133 48
136 50
141 52
147 54
151 55
154 57
156 58
154 58
144 63
135 69
127 73
118 80
107 84
96 91
81 101
58 109
36 116
22 121
14 123
9 127
5 128
2 128
0 128
-2 129
-1 128
3 126
4 125
9 123
14 121
21 119
28 118
35 115
43 113
54 113
69 111
81 109
91 106
103 102
114 100
119 98
122 98
125 98
128 98
132 98
135 98
136 98
137 98
138 98
140 98
139 99
135 102
131 104
125 108
119 111
112 115
101 122
91 127
83 131
74 136
70 137
68 138
64 138
62 139
61 139
59 139
58 139
60 138
61 137
62 137
62 136
64 136
65 135
69 134
71 132
72 130
75 130
76 128
77 127
78 127
79 125
80 124
84 122
85 121
88 119
91 118
94 116
96 115
98 114
100 113
103 112
104 111
105 110
106 110
101 110
89 110
74 112
62 114
51 116
43 116
37 116
32 116
29 116
26 116
25 116
